24933
25317
25492
25060
24981
24957
25355
25360
25789
25580
25415
25492
25542
25675
25833
25817
25939
26012
26043
26134
26375
26315
26490
26494
26516
26614
26670
26729
25338
24359
24770
25355
25775
25535
25163
24633
24349
24584
24350
24348
24327
24467
24505
24534
24328
24149
23748
23590
24393
24333
24684
24582
24938
26630
26441
25716
25461
25913
26503
26223
26505
25786
24892
25219
25128
25323
24793
24928
24702
24612
24667
24593
24570
24213
24718
25266
25391
24736
24499
24470
24959
25104
25256
25273
25243
25265
26554
26361
26271
28193
27195
27476
27349
26197
25598
25230
25804
25479
24783
24642
25035
24590
25071
25406
25076
25113
25343
25335
25952
26217
25936
25343
24080
23703
23119
23821
24317
26110
25959
26478
29493
29654
30922
28752
28156
27243
26643
27202
27036
27250
27229
