94 09 10 12 11 17 60 65 64 93 67 18 21 29 37 63 12 69 47 49 
67 96 36 87 42 13 26 77 90 09 87 67 82 49 19 47 14 18 44 52 
14 75 44 56 23 50 07 53 05 20 91 53 08 28 99 82 58 07 08 53 
47 23 80 17 43 41 33 59 47 04 60 81 95 67 56 21 57 76 69 78 
70 47 48 01 81 16 67 75 79 67 89 71 17 36 04 01 76 81 70 24 
61 09 37 69 10 34 16 59 16 95 39 95 37 60 99 60 55 47 40 06 
03 74 67 13 44 81 45 48 19 45 16 56 21 47 44 66 36 33 34 96 
43 36 45 91 71 87 98                   79 24 36 93 83 43 13 
59 42 25 66 86 37 62                   97 42 71 28 65 67 83 
53 46 01 28 41 28 42                   54 37 63 94 30 41 77 
46 66 65 61 12 37 18                   37 85 38 44 95 09 97 
34 81 43 07 35 40 11                   86 02 39 09 21 33 55 
33 49 94 45 75 65 32                   67 59 04 76 65 90 99 
40 65 86 97 06 01 67 71 19 54 35 77 43 60 92 70 33 04 43 54 
77 82 38 66 48 01 57 50 23 07 20 80 71 51 25 23 58 13 56 51 
03 34 21 79 93 96 84 32 37 85 95 45 62 64 77 99 44 15 16 42 
33 31 71 81 09 92 86 27 26 55 38 94 88 61 83 12 27 43 78 17 
47 53 28 62 09 95 60 65 24 99 71 76 40 50 76 87 53 06 65 25 
31 54 14 62 53 40 53 12 58 94 42 80 10 26 86 76 98 06 90 28 
35 94 60 83 94 45 65 77 82 35 17 30 29 13 11 85 02 86 64 65 
